Number of times player blinked and nothing happened: 29 
Their location and direction: 
(-28.700, 1.860, -55.890)
(-0.995, -0.024, -0.101)
True
(-28.700, 1.860, -55.890)
(-0.847, -0.031, -0.530)
True
(-29.496, 1.852, -57.137)
(-0.142, -0.146, -0.979)
True
(-31.331, 1.839, -59.043)
(0.248, -0.128, -0.960)
True
(-30.765, 1.842, -58.719)
(0.501, -0.098, -0.860)
True
(-28.441, 1.850, -57.868)
(0.499, -0.134, -0.856)
False
(-28.226, 1.850, -57.955)
(0.288, -0.164, -0.944)
False
(-28.241, 1.848, -58.348)
(0.164, -0.182, -0.969)
False
(-30.118, 1.838, -59.716)
(-0.219, -0.146, -0.965)
True
(-30.162, 1.822, -62.047)
(-0.328, 0.248, -0.912)
False
(-29.528, 1.822, -64.721)
(-0.614, 0.277, -0.739)
False
(-29.838, 1.822, -66.615)
(-0.718, 0.224, -0.659)
True
(-28.963, 1.822, -66.647)
(-0.286, 0.055, -0.957)
True
(-27.252, 1.822, -65.220)
(0.938, -0.218, -0.269)
False
(-25.294, 1.822, -64.015)
(0.928, -0.218, -0.303)
False
(-23.496, 1.822, -64.598)
(0.914, -0.182, -0.362)
True
(-21.706, 1.822, -65.485)
(-0.022, 0.085, -0.996)
False
(-21.630, 1.822, -66.334)
(-0.094, 0.140, -0.986)
False
(-22.789, 1.822, -66.721)
(-0.412, -0.006, -0.911)
False
(-24.279, 1.822, -67.159)
(-0.702, -0.031, -0.711)
False
(-25.375, 1.822, -67.623)
(-0.724, -0.043, -0.689)
False
(-26.855, 1.822, -67.830)
(-0.902, -0.092, -0.422)
False
(-27.943, 1.822, -67.354)
(-0.989, -0.140, 0.045)
False
(-29.306, 1.822, -66.388)
(-0.922, -0.188, 0.338)
False
(-30.298, 1.822, -65.793)
(-0.617, -0.206, 0.759)
False
(-30.669, 1.822, -64.776)
(-0.540, -0.158, 0.827)
False
(-31.019, 1.822, -63.149)
(-0.540, -0.158, 0.827)
False
(-31.849, 1.822, -63.164)
(-0.535, -0.158, 0.830)
False
(-32.898, 1.822, -63.905)
(-0.535, -0.158, 0.830)
False
(-33.629, 1.822, -66.940)
(-0.535, -0.158, 0.830)
False
(-32.837, 1.822, -68.099)
(-0.662, 0.176, 0.729)
False
(-30.971, 1.822, -68.844)
(-0.684, 0.236, 0.691)
False
(-29.444, 1.822, -68.991)
(-0.729, 0.146, 0.668)
False
(-27.599, 1.822, -67.223)
(-0.818, -0.006, 0.576)
False
(-25.291, 1.822, -67.817)
(-0.993, 0.031, -0.113)
False
(-25.014, 1.822, -70.247)
(-0.991, 0.018, -0.131)
False
(-25.604, 1.822, -70.416)
(-0.990, 0.012, -0.137)
False
(-28.162, 1.822, -69.235)
(-0.990, 0.012, -0.137)
False